Depth Camera Intrinsics:
Width: 848
Height: 480
PPX: 426.886
PPY: 238.556
FX: 417.532
FY: 417.532

Extrinsics (Depth to Color):      
Rotation Matrix:
0.999999 -0.00154659 -0.000750733 
0.00154663 0.999999 5.97449e-05   
0.00075064 -6.09059e-05 1         
Translation Vector:
0.0150654 9.5295e-05 -0.000237623

================================
유의미한 결과

Camera Matrix:
[[610.20367432   0.         318.13772583] 
 [  0.         609.02050781 251.01296997] 
 [  0.           0.           1.        ]]

Distortion Coefficients:
[0. 0. 0. 0. 0.]

fx = 610.20367432
fy = 609.02050781
cx = 318.13772583
cy = 251.01296997

================================

Camera Matrix:
[[5.65867918e+03 0.00000000e+00 4.95114378e+02]
 [0.00000000e+00 5.64365587e+03 3.21919257e+02]
 [0.00000000e+00 0.00000000e+00 1.00000000e+00]]

Distortion Coefficients:
[[-8.30479430e-01  1.74919000e+02 -1.67185496e-02 -1.49146131e-02
   2.73081995e+00]] 

=================================

Camera matrix:
[[3.35494620e+04 0.00000000e+00 6.44788305e+02]
 [0.00000000e+00 2.74297022e+04 3.59639200e+02]
 [0.00000000e+00 0.00000000e+00 1.00000000e+00]]

Distortion coefficients:
[[ 1.81331066e+01 -1.56264097e+00 -9.90741410e-02  7.25186745e-03
  -9.49206071e-04]]